 23.19
 23.12
 23.06
 23.06
 23.12
 23.06
 23.06
 23.06
 23.12
 23.19
 23.25
 23.31
 23.44
 23.50
 23.62
 23.62
 23.69
 23.75
 23.81
 23.81
 23.75
 23.75
 23.75
 23.69
 23.69
 23.62
 23.62
 23.56
 23.50
 23.50
 23.44
 23.50
 23.50
 23.50
 23.44
 23.44
 23.44
 23.44
 23.50
 23.56
 23.62
 23.62
 23.62
 23.62
 23.56
 23.50
 23.44
 23.44
 23.37
 23.37
 23.37
 23.37
 23.37
 23.31
 23.31
 23.25
 23.19
 23.19
 23.19
 23.12
 23.19
 23.25
 23.31
 23.31
 23.37
 23.37
 23.37
 23.44
 23.50
 23.56
 23.56
 23.56
 23.62
 23.69
 23.75
 23.75
 23.81
 23.81
 23.87
 23.94
 23.87
 23.87
 23.81
 23.87
 23.94
 24.00
 24.00
 24.06
 24.12
 24.06
 24.06
 24.06
 24.06
 24.06
 24.00
 23.87
 23.75
 23.69
 23.62
 23.62
 23.56
 23.56
 23.56
 23.56
 23.56
 23.56
 23.56
 23.62
 23.56
 23.56
 23.56
 23.56
 23.62
 23.56
 23.56
 23.56
 23.56
 23.56
 24.06
 24.06
 24.06
 24.12
 24.19
 24.19
 24.19
 24.25
 24.25
 24.25
 24.25
 24.25
 24.31
 24.31
 24.37
 24.31
 24.37
 24.37
 24.37
 24.37
 24.37
 24.37
 24.31
 24.25
 24.25
 24.25
 24.31
 24.31
 24.31
 24.25
 24.19
 24.19
 24.19
 24.12
 24.19
 24.19
 24.25
 24.31
 24.37
 24.31
 24.31
 24.31
 24.37
 24.37
 24.44
 24.44
 24.44
 24.50
 24.50
 24.56
 24.56
 24.69
 24.69
 24.69
 24.62
 24.62
 24.62
 24.62
 24.56
 24.50
 24.50
 24.50
 24.50
 24.56
 24.56
 24.62
 24.69
 24.69
 24.69
 24.69
 24.56
 24.37
 24.25
 24.25
 24.25
 24.25
 24.25
 24.19
 24.19
 24.25
 24.25
 24.31
 24.37
 24.37
 24.37
 24.31
 24.31
 24.25
 24.25
 24.25
 24.31
 24.31
 24.31
 24.37
 24.37
 24.37
 24.44
 24.37
 24.37
 24.37
 24.37
 24.44
 24.44
 24.44
 24.44
 24.44
 24.50
 24.50
 24.56
 24.62
 24.69
 24.75
 24.75
 24.81
 24.81
 24.87
 24.81
 24.81
 24.81
 24.69
 24.62
 24.62
 24.56
 24.50
 24.37
 24.31
 24.31
 24.31
 24.37
 24.37
 24.44
 24.44
 24.44
 24.44
 24.44
 24.37
 24.31
 24.31
 24.31
 24.31
 24.31
 24.31
 24.37
 24.37
 24.50
 24.44
 24.44
 24.37
 24.31
 24.19
 24.19
 24.19
 24.12
 24.12
 24.12
 24.12
 24.19
 24.25
 24.31
 24.31
 24.31
 24.37
 24.44
 24.37
 24.31
 24.37
 24.31
 24.31
 24.25
 24.25
 24.25
 24.25
 24.31
 24.31
 24.31
 24.31
 24.31
 24.31
 24.25
 24.19
 24.19
 24.19
 24.12
 24.12
 24.12
 24.19
 24.19
 24.19
 24.19
 24.19
 24.19
 24.19
 24.25
 24.31
 24.31
 24.37
 24.37
 24.37
 24.37
 24.31
 24.25
 24.19
 24.19
 24.19
 24.19
 24.19
 24.19
 24.19
 24.25
 24.25
 24.31
 24.31
 24.31
 24.31
 24.31
 24.37
 24.44
 24.44
 24.37
 24.37
 24.37
 24.31
 24.31
 24.25
 24.31
 24.25
 24.31
 24.31
 24.31
 24.31
 24.31
 24.25
 24.25
 24.31
 24.25
 24.25
 24.25
 24.25
 24.25
 24.25
 24.19
 24.19
 24.25
 24.25
 24.31
 24.37
 24.44
 24.44
 24.50
 24.50
 24.56
 24.56
 24.56
 24.62
 24.56
 24.56
 24.50
 24.44
 24.37
 24.37
 24.37
 24.37
 24.37
 24.44
 24.37
 24.31
 24.31
 24.31
 24.31
 24.25
 24.25
 24.19
 24.19
 24.19
 24.25
 24.31
 24.31
 24.31
 24.31
 24.31
 24.25
 24.31
 24.31
 24.37
 24.37
 24.37
 24.37
 24.37
 24.37
 24.37
 24.37
 24.37
 24.31
 24.31
 24.37
 24.37
 24.37
 24.44
 24.50
 24.50
 24.50
 24.56
 24.56
 24.62
 24.56
 24.56
 24.50
 24.50
 24.50
 24.56
 24.62
 24.75
 24.81
 24.87
 24.94
 25.06
 25.06
 25.12
 25.19
 25.25
 25.25
 25.25
 25.19
 25.19
 25.12
 25.06
 25.00
 25.00
 25.00
 25.06
 25.12
 25.19
 25.19
 25.19
 25.19
 25.19
 25.19
 25.19
 25.12
 25.12
 25.12
 25.12
 25.19
 25.12
 25.19
 25.19
 25.19
 25.12
 25.06
 25.06
 25.00
 24.94
 24.87
 24.81
 24.81
 24.81
 24.81
 24.87
 24.87
 24.87
 24.87
 24.87
 24.87
 24.94
 25.00
 25.00
 25.06
 25.06
 25.06
 25.12
 25.19
 25.25
 25.31
 25.31
 25.31
 25.25
 25.25
 25.31
 25.37
 25.31
 25.25
 25.25
 25.25
 25.25
 25.25
 25.25
 25.19
 25.19
 25.19
 25.12
 25.12
 25.12
 25.12
 25.19
 25.19
 25.19
 25.25
 25.25
 25.25
 25.31
 25.44
 25.44
 25.44
 25.44
 25.44
 25.50
 25.50
 25.62
 25.62
 25.69
 25.69
 25.69
 25.75
 25.75
 25.75
 25.75
 25.69
 25.75
 25.75
 25.81
 25.94
 26.00
 26.00
 26.00
 26.06
 26.12
 26.19
 26.25
 26.25
 26.31
 26.31
 26.31
 26.31
 26.25
 26.19
 26.19
 26.06
 26.00
 25.87
 25.81
 25.81
 25.81
 25.87
 25.87
 25.87
 25.81
 25.81
 25.75
 25.69
 25.69
 25.69
 25.69
 25.81
 25.87
 25.94
 25.94
 25.94
 26.00
 26.06
 26.12
 26.19
 26.19
 26.19
 26.12
 26.06
 26.12
 26.12
 26.12
 26.19
 26.12
 26.12
 26.06
 26.00
 26.00
 26.00
 26.00
 25.94
 25.94
 25.87
 25.87
 25.81
 25.87
 25.87
 25.87
 25.81
 25.81
 25.87
 26.00
 26.06
 26.12
 26.19
 26.25
 26.31
 26.37
 26.44
 26.44
 26.50
 26.50
 26.56
 26.56
 26.56
 26.56
 26.56
 26.50
 26.44
 26.37
 26.31
 26.31
 26.31
 26.25
 26.25
 26.25
 26.31
 26.25
 26.31
 26.31
 26.31
 26.37
 26.37
 26.37
 26.37
 26.37
 26.37
 26.37
 26.44
 26.44
 26.44
 26.44
 26.50
 26.44
 26.44
 26.50
 26.56
 26.62
 26.56
 26.56
 26.56
 26.62
 26.56
 26.62
 26.56
 26.56
 26.56
 26.56
 26.56
 26.56
 26.62
 26.69
 26.75
 26.81
 26.87
 26.94
 26.94
 27.00
 27.00
 26.94
 26.94
 26.94
 26.94
 26.94
 26.94
 27.00
 27.12
 27.19
 27.25
 27.31
 27.44
 27.44
 27.44
 27.44
 27.37
 27.44
 27.37
 27.37
 27.37
 27.37
 27.37
 27.37
 27.31
 27.25
 27.19
 27.19
 27.19
 27.12
 27.06
 27.06
 27.12
 27.12
 27.19
 27.19
 27.31
 27.31
 27.31
 27.31
 27.31
 27.37
 27.37
 27.44
 27.50
 27.62
 27.69
 27.69
 27.81
 27.81
 27.81
 27.81
 27.75
 27.69
 27.69
 27.69
 27.69
 27.69
 27.69
 27.69
 27.69
 27.62
 27.56
 27.50
 27.37
 27.37
 27.37
 27.44
 27.37
 27.37
 27.31
 27.31
 27.31
 27.31
 27.25
 27.19
 27.19
 27.12
 27.12
 27.12
 27.19
 27.19
 27.19
 27.12
 27.19
 27.19
 27.25
 27.25
 27.31
 27.31
 27.37
 27.37
 27.44
 27.37
 27.31
 27.37
 27.50
 27.50
 27.62
 27.69
 27.75
 27.87
 27.94
 27.94
 28.00
 28.06
 28.06
 28.12
 28.06
 28.06
 28.00
 27.94
 27.81
 27.75
 27.75
 27.75
 27.81
 27.94
 28.00
 28.00
 28.00
 27.94
 27.87
 27.81
 27.81
 27.87
 27.87
 27.94
 28.06
 28.12
 28.19
 28.25
 28.25
 28.31
 28.25
 28.19
 28.19
 28.12
 28.06
 28.00
 27.94
 27.81
 27.75
 27.75
 27.81
 27.81
 27.75
 27.62
 27.56
 27.56
 27.56
 27.56
 27.56
 27.50
 27.50
 27.50
 27.50
 27.50
 27.50
 27.44
 27.44
 27.44
 27.44
 27.37
 27.31
 27.19
 27.12
 27.12
 27.12
 27.12
 27.06
 27.00
 27.00
 27.00
 27.00
 26.94
 26.94
 26.94
 26.94
 26.94
 27.00
 27.06
 27.19
 27.25
 27.25
 27.31
 27.31
 27.19
 27.12
 27.12
 27.12
 27.19
 27.19
 27.19
 27.19
 27.25
 27.25
 27.25
 27.31
 27.37
 27.50
 27.50
 27.56
 27.62
 27.62
 27.62
 27.62
 27.62
 27.56
 27.50
 27.50
 27.37
 27.31
 27.25
 27.19
 27.12
 27.00
 27.00
 26.94
 26.94
 26.94
 26.94
 27.00
 27.00
 27.00
 27.00
 26.94
 26.87
 26.87
 26.75
 26.69
 26.69
 26.62
 26.62
 26.62
 26.69
 26.69
 26.69
 26.69
 26.69
 26.69
 26.62
 26.62
 26.62
 26.62
 26.69
 26.62
 26.62
 26.62
 26.69
 26.69
 26.75
 26.75
 26.75
 26.81
 26.81
 26.81
 26.75
 26.81
 26.81
 26.81
 26.87
 26.94
 27.00
 27.06
 27.12
 27.12
 27.19
 27.25
 27.25
 27.25
 27.25
 27.37
 27.50
 27.50
 27.56
 27.50
 27.37
 27.37
 27.31
 27.31
 27.25
 27.25
 27.25
 27.31
 27.31
 27.31
 27.31
 27.31
 27.31
 27.37
 27.37
 27.37
 27.37
 27.37
 27.37
 27.37
 27.44
 27.44
 27.50
 27.50
 27.50
 27.50
 27.50
 27.50
 27.50
 27.56
 27.69
 27.62
 27.56
 27.50
 27.44
 27.44
 27.37
 27.44
 27.44
 27.50
 27.56
 27.56
 27.56
 27.62
 27.69
 27.69
 27.75
 27.69
 27.69
 27.69
 27.69
 27.75
 27.75
 27.75
 27.75
 27.69
 27.69
 27.62
 27.56
 27.44
 27.37
 27.37
 27.37
 27.37
 27.44
 27.44
 27.50
 27.50
 27.44
 27.44
 27.44
 27.44
 27.44
 27.44
 27.44
 27.44
 27.37
 27.37
 27.37
 27.44
 27.75
 27.75
 27.81
 27.87
 27.87
 27.87
 27.87
 27.87
 27.94
 27.87
 27.81
 27.87
 27.94
 27.94
 27.94
 27.87
 27.87
 27.81
 27.81
 27.75
 27.75
 27.75
 27.81
 27.81
 27.81
 27.81
 27.75
 27.69
 27.62
 27.56
 27.50
 27.44
 27.44
 27.37
 27.37
 27.44
 27.44
 27.50
 27.50
 27.56
 27.56
 27.62
 27.69
 27.69
 27.69
 27.56
 27.50
 27.56
 27.50
 27.50
 27.37
 27.31
 27.31
 27.31
 27.31
 27.31
 27.31
 27.37
 27.37
 27.37
 27.37
 27.37
 27.31
 27.37
 27.37
 27.37
 27.37
 27.31
 27.37
 27.37
 27.44
 27.50
 27.50
 27.50
 27.56
 27.56
 27.56
 27.56
 27.50
 27.44
 27.44
 27.44
 27.44
 27.44
 27.37
 27.37
 27.31
 27.31
 27.25
 27.25
 27.19
 27.19
 27.19
 27.12
 27.06
 27.06
 27.00
 26.94
 27.00
 27.12
 27.12
 27.12
 27.19
 27.19
 27.19
 27.19
 27.25
 27.25
 27.31
 27.25
 27.19
 27.19
 27.12
 27.12
 27.06
 27.00
 26.94
 26.94
 26.94
 26.87
 26.81
 26.75
 26.75
 26.81
 26.75
 26.81
 26.87
 26.81
 26.81
 26.87
 26.87
 26.87
 26.87
 26.87
 26.87
 27.00
 27.12
 27.12
 27.12
 27.12
 27.12
 27.06
 27.12
 27.06
 27.06
 27.06
 27.06
 27.06
 27.06
 27.06
 27.06
 27.00
 27.06
 27.06
 27.06
 27.06
 27.06
 27.06
 27.12
 27.19
 27.19
 27.25
 27.25
 27.25
 27.25
 27.25
 27.25
 27.25
 27.19
 27.19
 27.19
 27.19
 27.19
 27.12
 27.12
 27.06
 27.06
 27.06
 27.06
 27.06
 27.06
 27.06
 27.06
 27.06
 27.06
 27.12
 27.12
 27.12
 27.12
 27.12
 27.06
 27.06
 27.00
 27.00
 26.94
 27.00
 27.06
 27.12
 27.19
 27.19
 27.25
 27.25
 27.31
 27.31
 27.31
 27.31
 27.37
 27.31
 27.31
 27.37
 
 28.00
 28.00
 27.94
 28.00
 28.00
 28.00
 28.06
 28.06
 28.06
 28.06
 28.06
 28.06
 28.06
 28.06
 28.00
 28.00
 27.94
 27.94
 27.94
 28.00
 28.06
 28.06
 28.06
 28.06
 28.06
 28.06
 28.06
 28.06
 28.06
 28.06
 28.06
 28.12
 28.12
 28.06
 28.06
 28.06
 28.19
 28.19
 28.19
 28.19
 28.19
 28.19
 28.25
 28.31
 28.37
 28.37
 28.37
 28.37
 28.37
 28.37
 28.37
 28.44
 28.56
 28.50
 28.50
 28.44
 28.44
 28.37
 28.37
 28.37
 28.37
 28.37
 28.37
 28.37
 28.37
 28.31
 28.31
 28.31
 28.31
 28.31
 28.31
 28.37
 28.37
 28.31
 28.19
 28.19
 28.12
 28.12
 28.06
 28.06
 28.00
 28.00
 28.12
 28.12
 28.19
 28.25
 28.19
 28.25
 28.25
 28.25
 28.25
 28.31
 28.37
 28.37
 28.37
 28.37
 28.37
 28.37
 28.37
 28.37
 28.37
 28.37
 28.37
 28.37
 28.31
 28.37
 28.37
 28.44
 28.44
 28.44
 28.37
 28.31
 28.25
 28.19
 28.12
 28.12
 28.12
 28.12
 28.06
 28.12
 28.25
 28.25
 28.31
 28.25
 28.19
 28.19
 28.19
 28.25
 28.37
 28.44
 28.44
 28.44
 28.37
 28.37
 28.37
 28.37
 28.37
 28.31
 28.31
 28.31
 28.31
 28.25
 28.31
 28.31
 28.31
 28.31
 28.31
 28.25
 28.25
 28.37
 28.44
 28.50
 28.50
 28.44
 28.37
 28.31
 28.25
 28.31
 28.31
 28.31
 28.25
 28.25
 28.37
 28.37
 28.37
 28.37
 28.44
 28.44
 28.44
 28.37
 28.37
 28.50
 28.50
 28.56
 28.50
 28.44
 28.37
 28.31
 28.19
 28.12
 28.12
 28.12
 28.06
 28.00
 28.00
 27.94
 28.00
 28.06
 28.06
 28.06
 28.06
 28.06
 28.06
 28.12
 28.12
 28.19
 28.19
 28.19
 28.25
 28.25
 28.19
 28.19
 28.19
 28.19
 28.25
 28.19
 28.12
 28.12
 28.12
 28.12
 28.06
 28.06
 28.06
 28.06
 28.06
 28.06
 28.06
 28.00
 28.06
 28.19
 28.31
 28.37
 28.50
 28.56
 28.50
 28.50
 28.50
 28.56
 28.56
 28.56
 28.50
 28.50
 28.44
 28.44
 28.37
 28.31
 28.37
 28.44
 28.44
 28.56
 28.56
 28.56
 28.56
 28.50
 28.44
 28.44
 28.44
 28.44
 28.31
 28.37
 28.44
 28.37
 28.37
 28.37
 28.31
 28.31
 28.37
 28.31
 28.31
 28.31
 28.25
 28.25
 28.19
 28.25
 28.25
 28.25
 28.31
 28.31
 28.25
 28.31
 28.31
 28.37
 28.37
 28.31
 28.31
 28.37
 28.50
 28.50
 28.56
 28.56
 28.56
 28.56
 28.62
 28.62
 28.62
 28.56
 28.50
 28.44
 28.44
 28.44
 28.44
 28.37
 28.37
 28.44
 28.44
 28.50
 28.56
 28.56
 28.56
 28.62
 28.69
 28.75
 28.81
 28.81
 28.81
 28.81
 28.75
 28.75
 28.75
 28.62
 28.62
 28.62
 28.62
 28.56
 28.50
 28.50
 28.44
 28.44
 28.44
 28.44
 28.44
 28.50
 28.50
 28.50
 28.50
 28.50
 28.50
 28.50
 28.56
 28.56
 28.62
 28.69
 28.69
 28.75
 28.75
 28.75
 28.69
 28.69
 28.69
 28.62
 28.69
 28.69
 28.69
 28.75
 28.75
 28.81
 28.81
 28.87
 28.87
 28.81
 28.81
 28.81
 28.75
 28.69
 28.75
 28.75
 28.69
 28.69
 28.69
 28.69
 28.62
 28.69
 28.69
 28.75
 28.75
 28.81
 28.81
 28.75
 28.69
 28.69
 28.62
 28.62
 28.62
 28.62